750 
1 
28 
3 
387 
4 
167 
5 
21 
7 
286 
9 
22 
11 
298 
13 
14 
16 
34 
17 
81 
19 
391 
23 
370 
24 
125 
25 
77 
29 
39 
33 
38 
35 
358 
41 
433 
42 
276 
43 
48 
45 
83 
50 
479 
56 
87 
60 
197 
62 
127 
63 
103 
70 
154 
73 
135 
74 
100 
75 
89 
78 
442 
90 
314 
92 
260 
98 
140 
106 
149 
107 
113 
109 
251 
110 
139 
111 
423 
112 
132 
120 
174 
121 
201 
122 
141 
136 
166 
142 
178 
145 
247 
148 
245 
159 
193 
164 
176 
170 
268 
177 
292 
179 
194 
181 
254 
184 
187 
186 
294 
189 
192 
196 
436 
202 
468 
203 
546 
205 
374 
208 
645 
209 
228 
210 
406 
211 
287 
212 
225 
213 
222 
216 
560 
217 
550 
219 
278 
220 
319 
229 
576 
230 
497 
232 
275 
233 
239 
235 
519 
240 
299 
241 
329 
255 
265 
258 
688 
261 
472 
267 
457 
272 
301 
274 
309 
277 
361 
279 
704 
281 
450 
282 
303 
283 
732 
284 
316 
293 
400 
296 
300 
302 
367 
305 
323 
308 
381 
311 
326 
312 
357 
313 
531 
315 
332 
317 
352 
320 
328 
325 
638 
333 
430 
334 
356 
340 
778 
342 
360 
346 
377 
347 
364 
348 
439 
349 
389 
351 
491 
354 
480 
362 
404 
369 
473 
378 
451 
379 
493 
380 
530 
393 
859 
396 
411 
397 
623 
412 
584 
416 
596 
420 
435 
421 
488 
425 
440 
429 
462 
431 
712 
441 
775 
446 
477 
448 
516 
453 
799 
456 
467 
460 
654 
463 
727 
483 
540 
485 
745 
486 
508 
489 
507 
499 
723 
500 
647 
502 
830 
504 
728 
505 
536 
506 
539 
509 
557 
514 
869 
515 
569 
520 
867 
526 
939 
532 
743 
533 
742 
538 
570 
541 
942 
549 
574 
551 
936 
554 
559 
555 
561 
556 
923 
565 
604 
567 
663 
575 
802 
588 
997 
591 
964 
592 
611 
593 
725 
594 
32 51 
597 
606 
602 
115 119 
605 
677 
610 
105 118 
613 
680 
614 
621 
616 
755 
626 
629 
627 
66 67 
639 
706 
640 
652 
641 
992 
642 
860 
644 
812 
646 
679 
648 
702 
649 
37 40 
650 
924 
655 
671 
656 
678 
658 
667 
669 
865 
672 
153 155 
682 
128 138 
687 
692 
690 
729 
691 
771 
693 
724 
694 
195 204 
707 
26 44 
708 
886 
713 
297 306 
718 
366 371 
719 
962 
722 
978 
730 
736 
733 
375 376 
734 
124 126 
738 
236 238 
739 
198 200 
741 
408 410 
746 
913 
747 
15 18 
748 
906 
754 
926 
756 
899 
757 
123 129 
761 
998 
764 
803 
766 
280 289 
767 
823 
768 
343 344 
772 
779 
776 
169 173 
777 
175 188 
780 
820 
784 
288 290 
785 
96 97 
786 
839 
787 
273 291 
790 
464 471 
791 
158 160 
792 
353 355 
804 
102 104 
807 
529 544 
809 
921 
811 
843 
815 
131 133 
819 
571 572 
821 
403 407 
822 
501 528 
826 
401 409 
827 
474 475 
829 
878 
831 
686 689 
836 
214 215 
842 
172 182 
844 
31 49 
845 
108 114 
848 
933 
849 
851 
850 
487 494 
852 
82 95 
854 
30 36 
855 
242 252 
863 
269 270 
864 
54 55 
870 
545 547 
874 
424 426 
875 
888 
877 
79 80 
880 
922 
887 
253 256 
889 
490 511 
890 
413 414 
893 
455 458 
895 
805 817 
896 
10 27 
900 
744 749 
905 
701 705 
907 
101 117 
908 
950 
914 
959 
917 
976 
925 
935 
931 
231 249 
938 
970 
944 
994 
948 
986 
951 
12 20 
954 
609 615 
955 
696 698 
963 
365 383 
966 
983 
969 
259 262 
971 
758 759 
972 
422 438 
975 
68 85 
987 
873 881 
989 
69 71 
0 2 
327 338 
6 8 
492 518 
46 47 
674 676 
52 53 
469 478 
57 58 
385 386 
59 61 
715 716 
64 65 
402 405 
72 88 
130 147 
76 93 
99 116 
84 86 
660 661 
91 94 
553 562 
134 143 
151 156 
137 146 
465 470 
144 150 
806 808 
152 165 
226 234 
157 163 
630 635 
161 162 
218 221 
168 171 
372 373 
180 183 
568 581 
185 190 
617 624 
191 199 
898 901 
206 207 
459 461 
223 224 
484 503 
227 243 
670 681 
237 257 
444 447 
244 246 
495 513 
248 250 
337 339 
263 271 
434 443 
264 266 
427 437 
285 304 
394 395 
295 310 
603 619 
307 318 
598 601 
321 331 
335 336 
322 324 
498 524 
330 341 
578 585 
345 350 
657 662 
359 363 
876 879 
368 388 
664 666 
382 384 
769 770 
390 392 
897 912 
398 399 
428 432 
415 417 
496 510 
418 419 
466 482 
445 449 
675 683 
452 454 
726 750 
476 481 
583 590 
512 517 
751 752 
521 537 
625 628 
522 534 
709 711 
523 543 
618 620 
525 527 
579 582 
535 563 
937 940 
542 564 
825 828 
548 552 
911 915 
558 566 
838 846 
573 577 
637 665 
580 586 
622 636 
587 589 
607 612 
595 608 
883 903 
599 600 
847 853 
631 632 
684 685 
633 643 
731 735 
634 659 
717 720 
651 653 
885 892 
668 673 
695 697 
699 710 
834 835 
700 703 
789 795 
714 721 
760 773 
737 740 
832 841 
753 763 
988 995 
762 765 
840 857 
774 788 
871 872 
781 782 
810 813 
783 801 
793 794 
796 797 
957 973 
798 800 
929 934 
814 816 
856 858 
818 824 
833 837 
861 862 
952 968 
866 868 
949 956 
882 894 
918 930 
884 891 
919 927 
902 904 
941 953 
909 910 
979 993 
916 920 
977 982 
928 932 
943 945 
946 947 
958 965 
960 961 
967 974 
980 981 
984 985 
990 991 
996 999 
